Matthew
40014024	4 6
40015004	3
40016021	5
40017009	23
40017010	6
40017015	11
40018026	7
40019029	14 22
40023019	0 1
40023026	10-17
40027029	25

Mark
41007024	9
41007028	2 6
41008017	2
41008021	3
41010037	7 14
41011031	4 6
41013033	3
41014021	24
41016014	20

Luke
42001028	5
42003033	2-6
42010042	13
42023034

John
43004051	10
43008003	8-10
43008004
43008005	0 5
43008008	4 5 8
43008009
43008011	7 12
43013026	10
43019004	20
43019016	

Acts
44002007	2
44026029	26

Romans
45008011	17 18
45008028	9-17

1 Corithnians
46005004	7
46010020	5

1 Tomothy
54001001	10 11
54002007	10

Hebrews
58011037	2

Revelation
66011019	16-27
66022021	7 8