40013004	15
40013022
40014024	4 6
40015004	3
40016021	5
40017009	23
40017010
40017015	11
40018007	8
40018026	7
40018030
40019029	14 22
40020010	1 5
40021007	12
40023019	0 1
40023026	10-17
40025017	1
40027011
40027012	9
40027029
40027065	1
40028010	18
41003004
41003005	18
41004001	16
41004016	3
41005022	1
41006016	5
41007024	9
41007028	6
41008001	18
41008017	3
41008021	3
41010037	14 15
41011029	8
41011031	7
41013023	3
41013033	3
41014021	24
41016014	20
42001028	5
42003033	5 7
42010042	13
42023034
42024046
43004051	10
43008003
43008004
43008005
43008008
43008009
43008011
43013018	16 17
43013026	10
43019004
43019016	10
44002007	2
44026029	26
45008011	18
45008028	10
45016020
46005004	7
46010020	5
48006012	15
54001001
54002007	10
57001003	10
57001025
58011037	2
61002020	11
66011019	17
66014005	9
66022021