40007014
40008009
40009004
40010042
40011009
40011019
40013004
40013007
40013022
40013030
40014024
40014029
40015004
40015014
40015017
40016021
40017009
40017010
40017015
40017025
40018007
40018026
40018030
40019004
40019029
40020010
40020019
40020020
40020031
40020034
40021001
40021007
40021025
40021032
40022043
40023008
40023019
40023026
40023030
40024033
40024040
40025001
40025017
40027011
40027012
40027029
40027046
40027051
40027065
40028010
41001010
41001018
41001021
41001027
41002010
41003003
41003004
41003005
41003006
41004001
41004008
41004016
41005014
41005022
41005026
41005027
41006002
41006016
41006022
41006026
41006036
41006048
41007006
41007009
41007024
41007028
41007029
41008001
41008002
41008017
41008020
41008021
41008029
41008032
41009024
41009026
41010014
41010026
41010037
41010052
41011002
41011003
41011004
41011007
41011029
41011031
41012036
41012037
41013023
41013033
41014021
41015014
41016001
41016014
41016017
42001021
42001028
42001042
42003033
42005003
42005012
42005021
42005029
42009009
42009018
42009062
42010001
42010030
42010039
42010042
42011032
42011048
42012001
42012056
42013007
42013035
42014026
42015012
42016027
42018004
42018011
42018028
42019036
42019040
42020026
42020033
42020042
42020044
42021011
42021015
42021023
42022050
42023034
42023042
42024046
43004051
43006023
43007008
43007052
43008003
43008004
43008005
43008006
43008008
43008009
43008010
43008011
43010007
43013018
43013023
43013025
43013026
43013032
43014010
43015010
43016018
43016023
43018004
43018016
43018017
43018038
43019004
43019015
43019016
43019026
44001014
44001015
44002005
44002007
44002020
44003019
44004025
44004032
44004037
44005012
44009021
44009037
44013011
44013014
44013033
44013052
44014014
44015004
44015006
44015016
44016012
44016028
44018023
44019039
44020005
44020006
44020030
44021023
44023007
44023018
44023023
44023030
44025014
44026029
45007017
45008011
45008024
45008028
45010005
45015023
45016020
46001002
46002010
46005002
46005004
46007034
46010004
46010009
46010020
46010029
46012006
46016010
46016017
47005010
47008019
48001003
48001004
48002014
48003021
48006012
49002005
49005014
49005031
51001018
52002013
52003002
52005010
52005021
53002006
54001001
54001016
54002007
55002003
55003012
56002003
57001003
57001025
58001008
58011032
58011037
58012027
59001020
59002003
59004012
60003018
60005001
60005009
61001001
61001003
61002006
61002018
61002020
62001007
62003019
62004012
62005005
62005015
63001005
63001012
64001004
65001016
66001006
66003016
66009016
66011002
66011011
66011017
66011019
66012003
66013010
66013013
66013018
66014005
66015003
66016003
66017007
66017013
66017016
66018003
66018022
66019009
66019011
66019014
66020003
66020012
66021003
66021005
66021006
66022008
66022021